-1
-2
-3
-4
-5
-6
-7
-8
-9
-10
-11
-12
-13
-14
-15
-16
-17
-18
-19
-20
-21
-22
-23
-24
-25
-26
-27
-28
-29
-30
-31
-32
-33
-34
-35
-36
-37
-38
-39
-40
-41
-42
-43
-44
-45
-46
-47
-48
-49
-50
-51
-52
-53
-54
-55
-56
-57
-58
-59
-60
-61
-62
-63
-64
-65
-66
-67
-68
-69
-70
-71
-72
-73
-74
-75
-76
-77
-78
-79
-80
-81
-82
-83
-84
-85
-86
-87
-88
-89
-90
-91
-92
-93
-94
-95
-96
-97
-98
-99
-100
-101
-102
-103
-104
-105
-106
-107
-108
-109
-110
-111
-112
-113
-114
-115
-116
-117
-118
-119
-120
-121
-122
-123
-124
-125
-126
-127
-128
-129
-130
-131
-132
-133
-134
-135
-136
-137
-138
-139
-140
-141
-142
-143
-144
-145
-146
-147
-148
-149
-150
-151
-152
-153
-154
-155
-156
-157
-158
-159
-160
-161
-162
-163
-164
-165
-166
-167
-168
-169
-170
-171
-172
-173
-174
-175
-176
-177
-178
-179
-180
-181
-182
-183
-184
-185
-186
-187
-188
-189
-190
-191
-192
-193
-194
-195
-196
-197
-198
-199
-200
-201
-202
-203
-204
-205
-206
-207
-208
-209
-210
-211
-212
-213
-214
-215
-216
-217
-218
-219
-220
-221
-222
-223
-224
-225
-226
-227
-228
-229
-230
-231
-232
-233
-234
-235
-236
-237
-238
-239
-240
-241
-242
-243
-244
-245
-246
-247
-248
-249
-250
-251
-252
-253
-254
-255
-256
-257
-258
-259
-260
-261
-262
-263
-264
-265
-266
-267
-268
-269
-270
-271
-272
-273
-274
-275
-276
-277
-278
-279
-280
-281
-282
-283
-284
-285
-286
-287
-288
-289
-290
-291
-292
-293
-294
-295
-296
-297
-298
-299
-300
-301
-302
-303
-304
-305
-306
-307
-308
-309
-310
-311
-312
-313
-314
-315
-316
-317
-318
-319
-320
-321
-322
-323
-324
-325
-326
-327
-328
-329
-330
-331
-332
-333
-334
-335
-336
-337
-338
-339
-340
-341
-342
-343
-344
-345
-346
-347
-348
-349
-350
-351
-352
-353
-354
-355
-356
-357
-358
-359
-360
-361
-362
-363
-364
-365
-366
-367
-368
-369
-370
-371
-372
-373
-374
-375
-376
-377
-378
-379
-380
-381
-382
-383
-384
-385
-386
-387
-388
-389
-390
-391
-392
-393
-394
-395
-396
-397
-398
-399
-400
-401
-402
-403
-404
-405
-406
-407
-408
-409
-410
-411
-412
-413
-414
-415
-416
-417
-418
-419
-420
-421
-422
-423
-424
-425
-426
-427
-428
-429
-430
-431
-432
-433
-434
-435
-436
-437
-438
-439
-440
-441
-442
-443
-444
-445
-446
-447
-448
-449
-450
-451
-452
-453
-454
-455
-456
-457
-458
-459
-460
-461
-462
-463
-464
-465
-466
-467
-468
-469
-470
-471
-472
-473
-474
-475
-476
-477
-478
-479
-480
-481
-482
-483
-484
-485
-486
-487
-488
-489
-490
-491
-492
-493
-494
-495
-496
-497
-498
-499
-500
-501
-502
-503
-504
-505
-506
-507
-508
-509
-510
-511
-512
-513
-514
-515
-516
-517
-518
-519
-520
-521
-522
-523
-524
-525
-526
-527
-528
-529
-530
-531
-532
-533
-534
-535
-536
-537
-538
-539
-540
-541
-542
-543
-544
-545
-546
-547
-548
-549
-550
-551
-552
-553
-554
-555
-556
-557
-558
-559
-560
-561
-562
-563
-564
-565
-566
-567
-568
-569
-570
-571
-572
-573
-574
-575
-576
-577
-578
-579
-580
-581
-582
-583
-584
-585
-586
-587
-588
-589
-590
-591
-592
-593
-594
-595
-596
-597
-598
-599
-600
-601
-602
-603
-604
-605
-606
-607
-608
-609
-610
-611
-612
-613
-614
-615
-616
-617
-618
-619
-620
-621
-622
-623
-624
-625
-626
-627
-628
-629
-630
-631
-632
-633
-634
-635
-636
-637
-638
-639
-640
-641
-642
-643
-644
-645
-646
-647
-648
-649
-650
-651
-652
-653
-654
-655
-656
-657
-658
-659
-660
-661
-662
-663
-664
-665
-666
-667
-668
-669
-670
-671
-672
-673
-674
-675
-676
-677
-678
-679
-680
-681
-682
-683
-684
-685
-686
-687
-688
-689
-690
-691
-692
-693
-694
-695
-696
-697
-698
-699
-700
-701
-702
-703
-704
-705
-706
-707
-708
-709
-710
-711
-712
-713
-714
-715
-716
-717
-718
-719
-720
-721
-722
-723
-724
-725
-726
-727
-728
-729
-730
-731
-732
-733
-734
-735
-736
-737
-738
-739
-740
-741
-742
-743
-744
-745
-746
-747
-748
-749
-750
-751
-752
-753
-754
-755
-756
-757
-758
-759
-760
-761
-762
-763
-764
-765
-766
-767
-768
-769
-770
-771
-772
-773
-774
-775
-776
-777
-778
-779
-780
-781
-782
-783
-784
-785
-786
-787
-788
-789
-790
-791
-792
-793
-794
-795
-796
-797
-798
-799
-800
-801
-802
-803
-804
-805
-806
-807
-808
-809
-810
-811
-812
-813
-814
-815
-816
-817
-818
-819
-820
-821
-822
-823
-824
-825
-826
-827
-828
-829
-830
-831
-832
-833
-834
-835
-836
-837
-838
-839
-840
-841
-842
-843
-844
-845
-846
-847
-848
-849
-850
-851
-852
-853
-854
-855
-856
-857
-858
-859
-860
-861
-862
-863
-864
-865
-866
-867
-868
-869
-870
-871
-872
-873
-874
-875
-876
-877
-878
-879
-880
-881
-882
-883
-884
-885
-886
-887
-888
-889
-890
-891
-892
-893
-894
-895
-896
-897
-898
-899
-900
-901
-902
-903
-904
-905
-906
-907
-908
-909
-910
-911
-912
-913
-914
-915
-916
-917
-918
-919
-920
-921
-922
-923
-924
-925
-926
-927
-928
-929
-930
-931
-932
-933
-934
-935
-936
-937
-938
-939
-940
-941
-942
-943
-944
-945
-946
-947
-948
-949
-950
-951
-952
-953
-954
-955
-956
-957
-958
-959
-960
-961
-962
-963
-964
-965
-966
-967
-968
-969
-970
-971
-972
-973
-974
-975
-976
-977
-978
-979
-980
-981
-982
-983
-984
-985
-986
-987
-988
-989
-990
-991
-992
-993
-994
-995
-996
-997
-998
-999
-1000
-1001
-1002
-1003
-1004
-1005
-1006
-1007
-1008
-1009
-1010
-1011
-1012
-1013
-1014
-1015
-1016
-1017
-1018
-1019
-1020
-1021
-1022
-1023
-1024
-1025
-1026
-1027
-1028
-1029
-1030
-1031
-1032
-1033
-1034
-1035
-1036
-1037
-1038
-1039
-1040
-1041
-1042
-1043
-1044
-1045
-1046
-1047
-1048
-1049
-1050
-1051
-1052
-1053
-1054
-1055
-1056
-1057
-1058
-1059
-1060
-1061
-1062
-1063
-1064
-1065
-1066
-1067
-1068
-1069
-1070
-1071
-1072
-1073
-1074
-1075
-1076
-1077
-1078
-1079
-1080
-1081
-1082
-1083
-1084
-1085
-1086
-1087
-1088
-1089
-1090
-1091
-1092
-1093
-1094
-1095
-1096
-1097
-1098
-1099
-1100
-1101
-1102
-1103
-1104
-1105
-1106
-1107
-1108
-1109
-1110
-1111
-1112
-1113
-1114
-1115
-1116
-1117
-1118
-1119
-1120
-1121
-1122
-1123
-1124
-1125
-1126
-1127
-1128
-1129
-1130
-1131
-1132
-1133
-1134
-1135
-1136
-1137
-1138
-1139
-1140
-1141
-1142
-1143
-1144
-1145
-1146
-1147
-1148
-1149
-1150
-1151
-1152
-1153
-1154
-1155
-1156
-1157
-1158
-1159
-1160
-1
-2
-3
-4
-5
-6
-7
-8
-9
-10
-11
-12
-13
-14
-15
-16
-17
-18
-19
-20
-21
-22
-23
-24
-25
-26
-27
-28
-29
-30
-31
-32
-33
-34
-35
-36
-37
-38
-39
-40
-41
-42
-43
-44
-45
-46
-47
-48
-49
-50
-51
-52
-53
-54
-55
-56
-57
-58
-59
-60
-61
-62
-63
-64
-65
-66
-67
-68
-69
-70
-71
-72
-73
-74
-75
-76
-77
-78
-79
-80
-81
-82
-83
-84
-85
-86
-87
-88
-89
-90
-91
-92
-93
-94
-95
-96
-97
-98
-99
-100
-101
-102
-103
-104
-105
-106
-107
-108
-109
-110
-111
-112
-113
-114
-115
-116
-117
-118
-119
-120
-121
-122
-123
-124
-125
-126
-127
-128
-129
-130
-131
-132
-133
-134
-135
-136
-137
-138
-139
-140
-141
-142
-143
-144
-145
-146
-147
-148
-149
-150
-151
-152
-153
-154
-155
-156
-157
-158
-159
-160
-161
-162
-163
-164
-165
-166
-167
-168
-169
-170
-171
-172
-173
-174
-175
-176
-177
-178
-179
-180
-181
-182
-183
-184
-185
-186
-187
-188
-189
-190
-191
-192
-193
-194
-195
-196
-197
-198
-199
-200
-201
-202
-203
-204
-205
-206
-207
-208
-209
-210
-211
-212
-213
-214
-215
-216
-217
-218
-219
-220
-221
-222
-223
-224
-225
-226
-227
-228
-229
-230
-231
-232
-233
-234
-235
-236
-237
-238
-239
-240
-241
-242
-243
-244
-245
-246
-247
-248
-249
-250
-251
-252
-253
-254
-255
-256
-257
-258
-259
-260
-261
-262
-263
-264
-265
-266
-267
-268
-269
-270
-271
-272
-273
-274
-275
-276
-277
-278
-279
-280
-281
-282
-283
-284
-285
-286
-287
-288
-289
-290
-291
-292
-293
-294
-295
-296
-297
-298
-299
-300
-301
-302
-303
-304
-305
-306
-307
-308
-309
-310
-311
-312
-313
-314
-315
-316
-317
-318
-319
-320
-321
-322
-323
-324
-325
-326
-327
-328
-329
-330
-331
-332
-333
-334
-335
-336
-337
-338
-339
-340
-341
-342
-343
-344
-345
-346
-347
-348
-349
-350
-351
-352
-353
-354
-355
-356
-357
-358
-359
-360
-361
-362
-363
-364
-365
-366
-367
-368
-369
-370
-371
-372
-373
-374
-375
-376
-377
-378
-379
-380
-381
-382
-383
-384
-385
-386
-387
-388
-389
-390
-391
-392
-393
-394
-395
-396
-397
-398
-399
-400
-401
-402
-403
-404
-405
-406
-407
-408
-409
-410
-411
-412
-413
-414
-415
-416
-417
-418
-419
-420
-421
-422
-423
-424
-425
-426
-427
-428
-429
-430
-431
-432
-433
-434
-435
-436
-437
-438
-439
-440
-441
-442
-443
-444
-445
-446
-447
-448
-449
-450
-451
-452
-453
-454
-455
-456
-457
-458
-459
-460
-461
-462
-463
-464
-465
-466
-467
-468
-469
-470
-471
-472
-473
-474
-475
-476
-477
-478
-479
-480
-481
-482
-483
-484
-485
-486
-487
-488
-489
-490
-491
-492
-493
-494
-495
-496
-497
-498
-499
-500
-501
-502
-503
-504
-505
-506
-507
-508
-509
-510
-511
-512
-513
-514
-515
-516
-517
-518
-519
-520
-521
-522
-523
-524
-525
-526
-527
-528
-529
-530
-531
-532
-533
-534
-535
-536
-537
-538
-539
-540
-541
-542
-543
-544
-545
-546
-547
-548
-549
-550
-551
-552
-553
-554
-555
-556
-557
-558
-559
-560
-561
-562
-563
-564
-565
-566
-567
-568
-569
-570
-571
-572
-573
-574
-575
-576
-577
-578
-579
-580
-581
-582
-583
-584
-585
-586
-587
-588
-589
-590
-591
-592
-593
-594
-595
-596
-597
-598
-599
-600
-601
-602
-603
-604
-605
-606
-607
-608
-609
-610
-611
-612
-613
-614
-615
-616
-617
-618
-619
-620
-621
-622
-623
-624
-625
-626
-627
-628
-629
-630
-631
-632
-633
-634
-635
-636
-637
-638
-639
-640
-641
-642
-643
-644
-645
-646
-647
-648
-649
-650
-651
-652
-653
-654
-655
-656
-657
-658
-659
-660
-661
-662
-663
-664
-665
-666
-667
-668
-669
-670
-671
-672
-673
-674
-675
-676
-677
-678
-679
-680
-681
-682
-683
-684
-685
-686
-687
-688
-689
-690
-691
-692
-693
-694
-695
-696
-697
-698
-699
-700
-701
-702
-703
-704
-705
-706
-707
-708
-709
-710
-711
-712
-713
-714
-715
-716
-717
-718
-719
-720
-721
-722
-723
-724
-725
-726
-727
-728
-729
-730
-731
-732
-733
-734
-735
-736
-737
-738
-739
-740
-741
-742
-743
-744
-745
-746
-747
-748
-749
-750
-751
-752
-753
-754
-755
-756
-757
-758
-759
-760
-761
-762
-763
-764
-765
-766
-767
-768
-769
-770
-771
-772
-773
-774
-775
-776
-777
-778
-779
-780
-781
-782
-783
-784
-785
-786
-787
-788
-789
-790
-791
-792
-793
-794
-795
-796
-797
-798
-799
-800
-801
-802
-803
-804
-805
-806
-807
-808
-809
-810
-811
-812
-813
-814
-815
-816
-817
-818
-819
-820
-821
-822
-823
-824
-825
-826
-827
-828
-829
-830
-831
-832
-833
-834
-835
-836
-837
-838
-839
-840
-841
-842
-843
-844
-845
-846
-847
-848
-849
-850
-851
-852
-853
-854
-855
-856
-857
-858
-859
-860
-861
-862
-863
-864
-865
-866
-867
-868
-869
-870
-871
-872
-873
-874
-875
-876
-877
-878
-879
-880
-881
-882
-883
-884
-885
-886
-887
-888
-889
-890
-891
-892
-893
-894
-895
-896
-897
-898
-899
-900
-901
-902
-903
-904
-905
-906
-907
-908
-909
-910
-911
-912
-913
-914
-915
-916
-917
-918
-919
-920
-921
-922
-923
-924
-925
-926
-927
-928
-929
-930
-931
-932
-933
-934
-935
-936
-937
-938
-939
-940
-941
-942
-943
-944
-945
-946
-947
-948
-949
-950
-951
-952
-953
-954
-955
-956
-957
-958
-959
-960
-961
-962
-963
-964
-965
-966
-967
-968
-969
-970
-971
-972
-973
-974
-975
-976
-977
-978
-979
-980
-981
-982
-983
-984
-985
-986
-987
-988
-989
-990
-991
-992
-993
-994
-995
-996
-997
-998
-999
-1000
-1001
-1002
-1003
-1004
-1005
-1006
-1007
-1008
-1009
-1010
-1011
-1012
-1013
-1014
-1015
-1016
-1017
-1018
-1019
-1020
-1021
-1022
-1023
-1024
-1025
-1026
-1027
-1028
-1029
-1030
-1031
-1032
-1033
-1034
-1035
-1036
-1037
-1038
-1039
-1040
-1041
-1042
-1043
-1044
-1045
-1046
-1047
-1048
-1049
-1050
-1051
-1052
-1053
-1054
-1055
-1056
-1057
-1058
-1059
-1060
-1061
-1062
-1063
-1064
-1065
-1066
-1067
-1068
-1069
-1070
-1071
-1072
-1073
-1074
-1075
-1076
-1077
-1078
-1079
-1080
-1081
-1082
-1083
-1084
-1085
-1086
-1087
-1088
-1089
-1090
-1091
-1092
-1093
-1094
-1095
-1096
-1097
-1098
-1099
-1100
-1101
-1102
-1103
-1104
-1105
-1106
-1107
-1108
-1109
-1110
-1111
-1112
-1113
-1114
-1115
-1116
-1117
-1118
-1119
-1120
-1121
-1122
-1123
-1124
-1125
-1126
-1127
-1128
-1129
-1130
-1131
-1132
-1133
-1134
-1135
-1136
-1137
-1138
-1139
-1140
-1141
-1142
-1143
-1144
-1145
-1146
-1147
-1148
-1149
-1150
-1151
-1152
-1153
-1154
-1155
-1156
-1157
-1158
-1159
-1160
-1161
-1162
-1163
-1164
-1165
-1166
-1167
-1168
-1169
-1170
-1171
-1172
-1173
-1174
-1175
-1176
-1177
-1178
-1179
-1180
-1181
-1182
-1183
-1184
-1185
-1186
-1187
-1188
-1189
-1190
-1191
-1192
-1193
1593976556-1
1593976556-2
1593976556-3
1593976556-4
1594062956-1
1594062956-2
1594062956-3
1594062956-4
1594149356-1
1594149356-2
1594149356-3
1594149356-4
1594235756-1
1594235756-2
1594322156-1
1594322156-2
1594322156-3
1594322156-4
1594408556-1
1594408556-2
1594408556-3
1594408556-4
1594408556-5
1594408556-6
1594494956-1
1594494956-2
1594494956-3
1594494956-4
1594494956-5
1594494956-6
1594494956-7
1594581357-1
1594581357-2
1594581357-3
1594581357-4
1594581357-5
1594581357-6
1594581357-7
1594667757-1
1594667757-2
1594667757-3
1594667757-4
1594667757-5
1594754157-1
1594754157-2
1594754157-3
1594840557-1
1594840557-2
1594840557-3
1594840557-4
1594840557-5
1594840557-6
1594840557-7
1594926957-1
1594926957-2
1594926957-3
1594926957-4
1594926957-5
1595013357-1
1595013357-2
1595013357-3
1595013357-4
1595099758-1
1595099758-2
1595099758-3
1595099758-4
1595186158-1
1595186158-2
1595186158-3
1595186158-4
1595186158-5
1595272558-1
1595272558-2
1595272558-3
1595358958-1
1595358958-2
1595358958-3
1595358958-4
1595358958-5
1595358958-6
1595358958-7
1595445358-1
1595445358-2
1595445358-3
1595445358-4
1595531758-1
1595531758-2
1595531758-3
1595531758-4
1595531758-5
1595531758-6
1595531758-7
1595618158-1
1595618158-2
1595618158-3
1595618158-4
1595618158-5
1595618158-6
1595618158-7
1595704559-1
1595704559-2
1595704559-3
1595704559-4
1595704559-5
1595790959-1
1595790959-2
1595877359-1
1595877359-2
1595877359-3
1595877359-4
1595877359-5
1595963759-1
1595963759-2
1595963759-3
1595963759-4
1596050159-1
1596050159-2
1596050159-3
1596050159-4
1596050159-5
1596050159-6
1596136559-1
1596136559-2
1596136559-3
1596136559-4
1596136559-5
1596222959-1
1596222959-2
1596222959-3
1596222959-4
1596222959-5
1596309360-1
1596309360-2
1596309360-3
1596309360-4
1596309360-5
1596395760-1
1596395760-2
1596395760-3
1596395760-4
1596395760-5
1596395760-6
1596395760-7
1596482160-1
1596482160-2
1596482160-3
1596482160-4
1596482160-5
1596482160-6
1596482160-7
1596568560-1
1596568560-2
1596568560-3
1596568560-4
1596568560-5
1596654960-1
1596654960-2
1596654960-3
1596654960-4
1596654960-5
1596741360-1
1596741360-2
1596741360-3
1596741360-4
1596741360-5
1596741360-6
1596741360-7
1596827761-1
1596827761-2
1596827761-3
1596914161-1
1596914161-2
1596914161-3
1596914161-4
1597000561-1
1597000561-2
1597000561-3
1597000561-4
1597000561-5
1597086961-1
1597086961-2
1597173361-1
1597173361-2
1597173361-3
1597173361-4
1597173361-5
1597259761-1
1597259761-2
1597259761-3
1597346161-1
1597346161-2
1597346161-3
1597346161-4
1597346161-5
1597432561-1
1597432561-2
1597432561-3
1597518961-1
1597518961-2
1597605361-1
1597605361-2
1597605361-3
1597605361-4
1597605361-5
1597605361-6
1597605361-7
1597691762-1
1597691762-2
1597691762-3
1597691762-4
1597691762-5
1597778162-1
1597778162-2
1597778162-3
1597864562-1
1597864562-2
1597864562-3
1597864562-4
1597864562-5
1597864562-6
1597950962-1
1597950962-2
1598037362-1
1598037362-2
1598037362-3
1598037362-4
1598037362-5
1598123762-1
1598123762-2
1598123762-3
1598210162-1
1598210162-2
1598210162-3
1598210162-4
1598210162-5
1598296563-1
1598296563-2
1598296563-3
1598296563-4
1598296563-5
1598296563-6
1598296563-7
1598382963-1
1598382963-2
1598382963-3
1598382963-4
1598382963-5
1598382963-6
1598382963-7
1598469363-1
1598469363-2
1598469363-3
1598469363-4
1598555763-1
1598555763-2
1598555763-3
1598555763-4
1598555763-5
1598642163-1
1598642163-2
1598728563-1
1598728563-2
1598728563-3
1598814963-1
1598814963-2
1598814963-3
1598901363-1
1598901363-2
1598901363-3
1598987763-1
1598987763-2
1598987763-3
1599074164-1
1599074164-2
1599074164-3
1599074164-4
1599160564-1
1599160564-2
1599246964-1
1599246964-2
1599246964-3
1599246964-4
1599246964-5
1599246964-6
1599333364-1
1599333364-2
1599333364-3
1599419764-1
1599419764-2
1599419764-3
1599419764-4
1599419764-5
1599419764-6
1599419764-7
1599506164-1
1599506164-2
1599506164-3
1599506164-4
1599506164-5
1599592564-1
1599592564-2
1599678964-1
1599678964-2
1599678964-3
1599678964-4
1599678964-5
1599765365-1
1599765365-2
1599765365-3
1599765365-4
1599765365-5
1599765365-6
1599851765-1
1599851765-2
1599851765-3
1599851765-4
1599851765-5
1599851765-6
1599938165-1
1599938165-2
1599938165-3
1599938165-4
1599938165-5
1599938165-6
1599938165-7
1600024565-1
1600024565-2
1600024565-3
1600024565-4
1600110965-1
1600110965-2
1600110965-3
1600110965-4
1600197365-1
1600197365-2
1600197365-3
1600197365-4
1600283765-1
1600283765-2
1600283765-3
1600283765-4
1600283765-5
1600283765-6
1600370166-1
1600370166-2
1600370166-3
1600370166-4
1600370166-5
1600370166-6
1600370166-7
1600456566-1
1600456566-2
1600456566-3
1600542966-1
1600542966-2
1600542966-3
1600542966-4
1600542966-5
1600542966-6
1600542966-7
1600629366-1
1600629366-2
1600629366-3
1600715766-1
1600715766-2
1600802166-1
1600802166-2
1600802166-3
1600802166-4
1600802166-5
1600802166-6
1600802166-7
1600888567-1
1600888567-2
1600888567-3
1600888567-4
1600888567-5
1600888567-6
1600888567-7
1600974967-1
1600974967-2
1600974967-3
1600974967-4
1600974967-5
1600974967-6
1601061367-1
1601061367-2
1601061367-3
1601061367-4
1601061367-5
1601147767-1
1601147767-2
1601234167-1
1601234167-2
1601320567-1
1601320567-2
1601320567-3
1601406967-1
1601406967-2
1601406967-3
1601493367-1
1601493367-2
1601579767-1
1601579767-2
1601579767-3
1601579767-4
1601579767-5
1601579767-6
1601579767-7
1601666168-1
1601666168-2
1601666168-3
1601666168-4
1601666168-5
1601752568-1
1601752568-2
1601752568-3
1601838968-1
1601838968-2
1601838968-3
1601925368-1
1601925368-2
1601925368-3
1601925368-4
1602011768-1
1602011768-2
1602011768-3
1602098168-1
1602098168-2
1602098168-3
1602184568-1
1602184568-2
1602184568-3
1602270968-1
1602270968-2
1602270968-3
1602270968-4
1602357369-1
1602357369-2
1602443769-1
1602443769-2
1602443769-3
1602443769-4
1602530169-1
1602530169-2
1602616569-1
1602616569-2
1602616569-3
1602616569-4
1602616569-5
1602702969-1
1602702969-2
1602789369-1
1602789369-2
1602789369-3
1602789369-4
1602789369-5
1602875769-1
1602875769-2
1602875769-3
1602875769-4
1602875769-5
1602875769-6
1602962169-1
1602962169-2
1602962169-3
1603048569-1
1603048569-2
1603048569-3
1603134969-1
1603134969-2
1603134969-3
1603221370-1
1603221370-2
1603221370-3
1603221370-4
1603221370-5
1603221370-6
1603307770-1
1603307770-2
1603394170-1
1603394170-2
1603394170-3
1603394170-4
1603480570-1
1603480570-2
1603566970-1
1603566970-2
1603566970-3
1603566970-4
1603653370-1
1603653370-2
1603653370-3
1603739770-1
1603739770-2
1603826170-1
1603826170-2
1603912570-1
1603912570-2
1603912570-3
1603912570-4
1603998970-1
1603998970-2
1603998970-3
1604085371-1
1604085371-2
1604085371-3
1604085371-4
1604171771-1
1604171771-2
1604171771-3
1604258171-1
1604258171-2
1604258171-3
1604344571-1
1604344571-2
1604344571-3
1604344571-4
1604344571-5
1604344571-6
1604430971-1
1604430971-2
1604430971-3
1604517371-1
1604517371-2
1604517371-3
1604517371-4
1604603771-1
1604603771-2
1604603771-3
1604603771-4
1604603771-5
1604603771-6
1604690171-1
1604690171-2
1604690171-3
1604690171-4
1604690171-5
1604690171-6
1604690171-7
1604776572-1
1604776572-2
1604776572-3
1604776572-4
1604862972-1
1604862972-2
1604862972-3
1604862972-4
1604862972-5
1604949372-1
1604949372-2
1604949372-3
1604949372-4
1605035772-1
1605035772-2
1605035772-3
1605035772-4
1605035772-5
1605122172-1
1605122172-2
1605208572-1
1605208572-2
1605208572-3
1605208572-4
1605208572-5
1605208572-6
1605294972-1
1605294972-2
1605294972-3
1605294972-4
1605294972-5
1605294972-6
1605294972-7
1605381373-1
1605381373-2
1605381373-3
1605381373-4
1605467773-1
1605467773-2
1605467773-3
1605467773-4
1605467773-5
1605467773-6
1605554173-1
1605554173-2
1605640573-1
1605640573-2
1605726973-1
1605726973-2
1605726973-3
1605813373-1
1605813373-2
1605899773-1
1605899773-2
1605899773-3
1605899773-4
1605899773-5
1605899773-6
1605986173-1
1605986173-2
1605986173-3
1605986173-4
1605986173-5
1605986173-6
1606072573-1
1606072573-2
1606072573-3
1606072573-4
1606158974-1
1606158974-2
1606158974-3
1606158974-4
1606158974-5
1606158974-6
1606158974-7
1606245374-1
1606245374-2
1606245374-3
1606245374-4
1606331774-1
1606331774-2
1606331774-3
1606331774-4
1606331774-5
1606418174-1
1606418174-2
1606418174-3
1606418174-4
1606418174-5
1606418174-6
1606504574-1
1606504574-2
1606504574-3
1606504574-4
1606504574-5
1606504574-6
1606590974-1
1606590974-2
1606677374-1
1606677374-2
1606677374-3
1606677374-4
1606677374-5
1606677374-6
1606763775-1
1606763775-2
1606763775-3
1606763775-4
1606763775-5
1606850175-1
1606850175-2
1606850175-3
1606936575-1
1606936575-2
1606936575-3
1606936575-4
1606936575-5
1606936575-6
1606936575-7
1607022975-1
1607022975-2
1607022975-3
1607109375-1
1607109375-2
1607109375-3
1607109375-4
1607109375-5
1607109375-6
1607195775-1
1607195775-2
1607195775-3
1607195775-4
1607195775-5
1607282175-1
1607282175-2
1607282175-3
1607282175-4
1607282175-5
1607368576-1
1607368576-2
1607368576-3
1607454976-1
1607454976-2
1607541376-1
1607541376-2
1607541376-3
1607627776-1
1607627776-2
1607627776-3
1607627776-4
1607714176-1
1607714176-2
1607714176-3
